{
 "cells": [
  {
   "cell_type": "markdown",
   "metadata": {},
   "source": [
    "A liga ternária mais cara do mundo\n",
    "========================================\n",
    "\n"
   ]
  },
  {
   "cell_type": "markdown",
   "metadata": {},
   "source": [
    "## Introdução\n",
    "\n"
   ]
  },
  {
   "cell_type": "markdown",
   "metadata": {},
   "source": [
    "Delete este texto e escreva uma breve introdução sobre seu experimento.\n",
    "\n"
   ]
  },
  {
   "cell_type": "markdown",
   "metadata": {},
   "source": [
    "## Objetivo\n",
    "\n"
   ]
  },
  {
   "cell_type": "markdown",
   "metadata": {},
   "source": [
    "Delete este texto e escreva seu objetivo.\n",
    "\n"
   ]
  },
  {
   "cell_type": "markdown",
   "metadata": {},
   "source": [
    "## Importações\n",
    "\n"
   ]
  },
  {
   "cell_type": "code",
   "execution_count": 1,
   "metadata": {},
   "outputs": [],
   "source": [
    "from funcoes import populacao_inicial_liga as cria_populacao_inicial\n",
    "from funcoes import funcao_objetivo_pop_liga\n",
    "from funcoes import selecao_torneio_max\n",
    "#from funcoes import cruzamento_ponto_simples as funcao_cruzamento\n",
    "#from funcoes import mutacao_senha\n",
    "import random as rd\n",
    "from funcoes import preco_liga"
   ]
  },
  {
   "cell_type": "markdown",
   "metadata": {},
   "source": [
    "## Códigos e discussão\n",
    "\n"
   ]
  },
  {
   "cell_type": "markdown",
   "metadata": {},
   "source": [
    "-   Use células de código para o código.\n",
    "\n",
    "-   Use células de texto para a discussão.\n",
    "\n",
    "-   A discussão não deve ser feita em comentários dentro das células de código. Toda discussão deve acontecer após o resultado sendo discutido foi apresentado. Exemplo: não discuta um gráfico antes de apresentá-lo.\n",
    "\n"
   ]
  },
  {
   "cell_type": "code",
   "execution_count": 2,
   "metadata": {},
   "outputs": [],
   "source": [
    "preco = {\n",
    "    \"H\": 1.39,\n",
    "    \"He\": 24,\n",
    "    \"Li\": 85.6,\n",
    "    \"Be\": 857,\n",
    "    \"B\": 3.68,\n",
    "    \"C\": 0.122,\n",
    "    \"N\": 0.14,\n",
    "    \"O\": 0.154,\n",
    "    \"F\": 2.16,\n",
    "    \"Ne\": 240,\n",
    "    \"Na\": 3.43,\n",
    "    \"Mg\": 2.32,\n",
    "    \"Al\": 1.79,\n",
    "    \"Si\": 1.7,\n",
    "    \"P\": 2.69,\n",
    "    \"S\": 0.0926,\n",
    "    \"Cl\": 0.082,\n",
    "    \"Ar\": 0.931,\n",
    "    \"K\": 13.6,\n",
    "    \"Ca\": 2.35,\n",
    "    \"Sc\": 3460,\n",
    "    \"Ti\": 11.7,\n",
    "    \"V\": 385,\n",
    "    \"Cr\": 9.4,\n",
    "    \"Mn\": 1.82,\n",
    "    \"Fe\": 0.424,\n",
    "    \"Co\": 32.8,\n",
    "    \"Ni\": 13.9,\n",
    "    \"Cu\": 6,\n",
    "    \"Zn\": 2.55,\n",
    "    \"Ga\": 148,\n",
    "    \"Ge\": 1010,\n",
    "    \"As\": 1.31,\n",
    "    \"Se\": 21.4,\n",
    "    \"Br\": 4.39,\n",
    "    \"Kr\": 290,\n",
    "    \"Rb\": 15500,\n",
    "    \"Sr\": 6.68,\n",
    "    \"Y\": 31,\n",
    "    \"Nb\": 85.6,\n",
    "    \"Mo\": 40.1,\n",
    "    \"Tc\": 100000,\n",
    "    \"Ru\": 10600,\n",
    "    \"Rh\": 147000,\n",
    "    \"Pd\": 49500,\n",
    "    \"Ag\": 521,\n",
    "    \"Cd\": 2.73,\n",
    "    \"In\": 167,\n",
    "    \"Sn\": 18.7,\n",
    "    \"Sb\": 5.79,\n",
    "    \"Te\": 63.5,\n",
    "    \"I\": 35,\n",
    "    \"Xe\": 1800,\n",
    "    \"Cs\": 61800,\n",
    "    \"Ba\": 0.275,\n",
    "    \"La\": 4.92,\n",
    "    \"Ce\": 4.71,\n",
    "    \"Pr\": 103,\n",
    "    \"Nd\": 57.5,\n",
    "    \"Pm\": 460000,\n",
    "    \"Sm\": 13.9,\n",
    "    \"Eu\": 31.4,\n",
    "    \"Gd\": 28.6,\n",
    "    \"Tb\": 658,\n",
    "    \"Dy\": 307,\n",
    "    \"Ho\": 57.1,\n",
    "    \"Er\": 26.4,\n",
    "    \"Tm\": 3000,\n",
    "    \"Yb\": 17.1,\n",
    "    \"Lu\": 643,\n",
    "    \"Hf\": 900,\n",
    "    \"Ta\": 312,\n",
    "    \"W\": 35.3,\n",
    "    \"Re\": 4150,\n",
    "    \"Os\": 12000,\n",
    "    \"Ir\": 56200,\n",
    "    \"Pt\": 27800,\n",
    "    \"Hg\": 30.2,\n",
    "    \"Tl\": 4200,\n",
    "    \"Pb\": 2,\n",
    "    \"Bi\": 6.36,\n",
    "    \"Po\": 49200000000000,\n",
    "    \"Ac\": 29000000000000,\n",
    "    \"Th\": 287,\n",
    "    \"Pa\": 280000,\n",
    "    \"U\": 101,\n",
    "    \"Np\": 660000,\n",
    "    \"Pu\": 6490000,\n",
    "    \"Am\": 750000,\n",
    "    \"Cm\": 160000000000,\n",
    "    \"Bk\": 185000000000,\n",
    "    \"Cf\": 185000000000,\n",
    "}"
   ]
  },
  {
   "cell_type": "code",
   "execution_count": 3,
   "metadata": {},
   "outputs": [],
   "source": [
    "### CONSTANTES\n",
    "\n",
    "# relacionadas à busca\n",
    "TAMANHO_POP = 100\n",
    "#CHANCE_CRUZAMENTO = 0.5\n",
    "#CHANCE_MUTACAO = 0.05\n",
    "NUM_COMBATENTES_NO_TORNEIO = 3\n",
    "NUM_GENES = preco.keys()\n",
    "NUM_GERACOES = 1000\n"
   ]
  },
  {
   "cell_type": "code",
   "execution_count": 4,
   "metadata": {},
   "outputs": [],
   "source": [
    "# funções locais (para não ter que colocar as variaveis locais no script)\n",
    "\n",
    "def funcao_objetivo_pop(populacao):\n",
    "    return funcao_objetivo_pop_liga(populacao, preco)\n",
    "\n",
    "def funcao_selecao(populacao, fitness):\n",
    "    return selecao_torneio_max(populacao, fitness, NUM_COMBATENTES_NO_TORNEIO)"
   ]
  },
  {
   "cell_type": "code",
   "execution_count": 5,
   "metadata": {},
   "outputs": [
    {
     "name": "stdout",
     "output_type": "stream",
     "text": [
      "Progresso da melhor senha já vista:\n",
      "{'Pr': 46.128018731603035, 'La': 41.055639343537976, 'Ba': 12.816341924858989} - fitness: 4.956704168954656\n",
      "{'Co': 55.79287916937433, 'Tm': 12.570432260030756, 'Cs': 31.636688570594913} - fitness: 1994.6886568796135\n",
      "{'Ce': 77.2130255797288, 'Sn': 7.615002478136702, 'Pu': 15.171971942134505} - fitness: 98466.60397834975\n",
      "{'Ac': 27.829725784547904, 'Pt': 64.28586183481956, 'Sr': 7.88441238063254} - fitness: 807062049539.0889\n",
      "{'Mg': 59.17716596333096, 'Po': 33.10265800905923, 'Hg': 7.72017602760981} - fitness: 1628650774046.0847\n",
      "{'Ac': 57.16807041029322, 'Lu': 24.241463162066772, 'Ru': 18.59046642764001} - fitness: 1657874042111.1492\n",
      "{'Ru': 31.77308925285038, 'B': 26.456572908805587, 'Po': 41.770337838344034} - fitness: 2055100621983.4187\n",
      "\n",
      "Melhor palpite da senha encontrado:\n",
      "{'Ru': 31.77308925285038, 'B': 26.456572908805587, 'Po': 41.770337838344034}\n",
      "2055100621983.4187\n"
     ]
    }
   ],
   "source": [
    "populacao = cria_populacao_inicial(TAMANHO_POP, NUM_GENES)\n",
    "\n",
    "melhor_fitness_ja_visto = 0\n",
    "\n",
    "print(\"Progresso da melhor senha já vista:\")\n",
    "\n",
    "numero_geracoes = 0\n",
    "\n",
    "for _ in range(NUM_GERACOES):\n",
    "    # Seleção\n",
    "    fitness = funcao_objetivo_pop(populacao)\n",
    "    populacao = funcao_selecao(populacao, fitness)\n",
    "\n",
    "    # melhor individuo já visto até agora\n",
    "    fitness = funcao_objetivo_pop(populacao)\n",
    "    menor_fitness = min(fitness)\n",
    "    if menor_fitness > melhor_fitness_ja_visto:        \n",
    "        posicao = fitness.index(menor_fitness)\n",
    "        melhor_individuo_ja_visto = populacao[posicao]\n",
    "        melhor_fitness_ja_visto = menor_fitness\n",
    "        print(melhor_individuo_ja_visto, \"- fitness:\", melhor_fitness_ja_visto)\n",
    "    \n",
    "    numero_geracoes = numero_geracoes + 1\n",
    "\n",
    "print()\n",
    "print(\"Melhor palpite da senha encontrado:\")\n",
    "print(melhor_individuo_ja_visto)\n",
    "print(preco_liga(melhor_individuo_ja_visto,preco))"
   ]
  },
  {
   "cell_type": "markdown",
   "metadata": {},
   "source": [
    "## Conclusão\n",
    "\n"
   ]
  },
  {
   "cell_type": "markdown",
   "metadata": {},
   "source": [
    "Delete este texto e escreva sua conclusão.\n",
    "\n"
   ]
  },
  {
   "cell_type": "markdown",
   "metadata": {},
   "source": [
    "## Referências consultadas\n",
    "\n"
   ]
  },
  {
   "cell_type": "markdown",
   "metadata": {},
   "source": [
    "1.  Delete este texto e inclua suas referências ordenadas numericamente. Se for referenciar no notebook, use o número entre colchetes (exemplo: para citar essa referência aqui escreva &ldquo;[1]&rdquo; sem as áspas).\n",
    "\n",
    "2.  Cada item deve ser numerado. Siga o padrão apresentado.\n",
    "\n",
    "3.  Caso não tenha nenhuma referência consultada, delete esta seção e o texto contido nela!\n",
    "\n"
   ]
  },
  {
   "cell_type": "markdown",
   "metadata": {},
   "source": [
    "## Playground\n",
    "\n"
   ]
  },
  {
   "cell_type": "markdown",
   "metadata": {},
   "source": [
    "Todo código de teste que não faz parte do seu experimento deve vir aqui. Este código não será considerado na avaliação.\n",
    "\n"
   ]
  },
  {
   "cell_type": "code",
   "execution_count": 6,
   "metadata": {},
   "outputs": [],
   "source": [
    "from funcoes import liga_ternaria"
   ]
  },
  {
   "cell_type": "code",
   "execution_count": 7,
   "metadata": {},
   "outputs": [
    {
     "data": {
      "text/plain": [
       "{'I': 18.242201147461508, 'O': 46.17013163900334, 'Pt': 35.58766721353515}"
      ]
     },
     "execution_count": 7,
     "metadata": {},
     "output_type": "execute_result"
    }
   ],
   "source": [
    "liga_ternaria(preco.keys())"
   ]
  },
  {
   "cell_type": "code",
   "execution_count": 8,
   "metadata": {},
   "outputs": [
    {
     "data": {
      "text/plain": [
       "[{'Xe': 12.154320243384145,\n",
       "  'Lu': 59.747265375023545,\n",
       "  'Hg': 28.098414381592306},\n",
       " {'Cl': 53.78660761636996, 'C': 26.190823570811915, 'Tl': 20.022568812818122},\n",
       " {'Fe': 43.716969775928426, 'Pa': 23.256907718660806, 'Ar': 33.02612250541077},\n",
       " {'O': 11.956063270046444, 'Ti': 56.09505420136112, 'Co': 31.948882528592435},\n",
       " {'Bk': 38.30112063450336, 'Ce': 39.272863984840285, 'Te': 22.426015380656352},\n",
       " {'Ne': 48.39023852176631, 'Y': 36.43227982080154, 'O': 15.177481657432153},\n",
       " {'Ho': 18.24742017998059, 'Ag': 7.8655681969524345, 'As': 73.88701162306697},\n",
       " {'Ce': 76.99442074726697, 'Rh': 11.816502203567651, 'Sr': 11.189077049165377},\n",
       " {'U': 38.185455570994925, 'Ca': 55.02962875769412, 'Hg': 6.784915671310955},\n",
       " {'Mg': 43.308233799332754, 'Lu': 36.979420235256114, 'Ga': 19.71234596541113},\n",
       " {'Ir': 18.16413259508813, 'Ru': 72.98528896200207, 'Cs': 8.850578442909793},\n",
       " {'Cu': 33.80153782182063, 'Ne': 12.791520457546632, 'Pa': 53.40694172063274},\n",
       " {'Co': 12.820936042645776, 'Se': 5.681977461820743, 'In': 81.4970864955335},\n",
       " {'Pt': 37.8837775578009, 'Cs': 45.86801586797962, 'Be': 16.24820657421948},\n",
       " {'H': 17.34732017161634, 'S': 45.732333947304426, 'Te': 36.92034588107924},\n",
       " {'Bk': 31.434886991496178, 'Lu': 60.87134840661063, 'Sn': 7.6937646018932},\n",
       " {'Sc': 7.6323719478974805, 'Dy': 66.14511728583102, 'F': 26.222510766271498},\n",
       " {'Er': 28.336367245961736, 'Ar': 54.52814453204128, 'Cs': 17.13548822199698},\n",
       " {'Cr': 57.54009233574145, 'Cd': 14.167406681680703, 'Tm': 28.29250098257785},\n",
       " {'O': 5.393541325586121, 'Pm': 16.355777188432718, 'Rb': 78.25068148598118},\n",
       " {'Cu': 16.234092669936356, 'Cl': 57.003318427969916, 'V': 26.762588902093725},\n",
       " {'Cd': 63.69988131716577, 'Cu': 9.373400245422353, 'Be': 26.92671843741188},\n",
       " {'Pt': 41.81670365251473, 'Ge': 18.537266595640276, 'Zn': 39.64602975184499},\n",
       " {'Eu': 10.051865408533011, 'K': 15.22083447087918, 'Li': 74.7273001205878},\n",
       " {'Ru': 33.20227237367625, 'Lu': 8.57928827277518, 'Bi': 58.21843935354857},\n",
       " {'Ir': 22.430924215020585, 'Hf': 67.86946801855647, 'Si': 9.699607766422943},\n",
       " {'Y': 9.396300858394905, 'Sb': 32.68590509401153, 'N': 57.91779404759356},\n",
       " {'Pd': 6.676200766428154, 'Ta': 11.910473088333857, 'Pr': 81.41332614523799},\n",
       " {'Pa': 58.44678676610409, 'P': 6.817950020825769, 'Pr': 34.73526321307014},\n",
       " {'Tl': 68.02691877434961, 'Rb': 24.890734925666607, 'Ba': 7.082346299983783},\n",
       " {'Ba': 78.53300746351167, 'Pa': 14.353008470293744, 'Ir': 7.11398406619459},\n",
       " {'Pm': 54.455430099301665, 'Cs': 5.345516830771594, 'La': 40.19905306992674},\n",
       " {'Fe': 19.237512575163926, 'Li': 31.392408974204642, 'Sm': 49.37007845063144},\n",
       " {'Ga': 26.44230094258558, 'Sn': 52.12332854317016, 'Lu': 21.434370514244264},\n",
       " {'Dy': 6.083780484550593, 'Hg': 53.63632851439038, 'Eu': 40.279891001059035},\n",
       " {'Cl': 28.20282166475928, 'He': 43.94693568997761, 'Li': 27.85024264526311},\n",
       " {'As': 6.2758284816090395, 'Ho': 62.83347810901189, 'S': 30.890693409379068},\n",
       " {'Ho': 55.357526033864715,\n",
       "  'Pd': 27.300536277558237,\n",
       "  'Si': 17.341937688577048},\n",
       " {'Kr': 12.800055744756145, 'Cm': 51.70351091688469, 'Be': 35.49643333835916},\n",
       " {'He': 9.220751604790049, 'Ga': 7.847405592410542, 'Se': 82.93184280279941},\n",
       " {'Be': 21.20383318674417, 'Te': 45.25951006847068, 'Na': 33.536656744785155},\n",
       " {'Se': 27.540403756377486, 'I': 55.95914334685948, 'Am': 16.500452896763036},\n",
       " {'Tc': 38.94693241210914, 'Po': 9.412554074117288, 'S': 51.64051351377357},\n",
       " {'I': 17.709369607652402, 'Ho': 64.45859748354256, 'Hf': 17.832032908805033},\n",
       " {'Yb': 47.79597426551017, 'Os': 46.090105595020376, 'Ru': 6.113920139469457},\n",
       " {'As': 26.234609897187912, 'Ce': 42.77161641893261, 'Ar': 30.993773683879482},\n",
       " {'K': 47.369051757851196, 'Be': 10.554921763537983, 'Hg': 42.07602647861082},\n",
       " {'Th': 22.486811175378158, 'Xe': 54.76458971631518, 'Na': 22.748599108306657},\n",
       " {'Nb': 14.57028939048321, 'Dy': 20.288732757101812, 'Fe': 65.14097785241498},\n",
       " {'Y': 46.38356139192478, 'U': 6.329263689129434, 'Pt': 47.28717491894579},\n",
       " {'Eu': 30.979023656770458, 'Gd': 16.16212539343045, 'B': 52.858850949799084},\n",
       " {'Pr': 53.735404698306546, 'Hf': 30.513232203626238, 'V': 15.751363098067216},\n",
       " {'Be': 6.461089800432481, 'N': 28.885902991802872, 'Ag': 64.65300720776466},\n",
       " {'Cr': 32.52770740632148, 'Ni': 55.14238673354103, 'Hg': 12.329905860137487},\n",
       " {'Dy': 26.091216194554, 'Be': 68.10179011628588, 'Ta': 5.806993689160123},\n",
       " {'Cu': 16.370031491304836, 'Fe': 76.44848789760934, 'Rh': 7.181480611085817},\n",
       " {'Xe': 43.96864715845189, 'Kr': 44.39931324229808, 'Co': 11.632039599250035},\n",
       " {'Sr': 34.52451227284877, 'P': 51.08373244363678, 'Sm': 14.391755283514456},\n",
       " {'Xe': 12.160467934543695, 'Ta': 36.28450244818129, 'Ga': 51.55502961727502},\n",
       " {'Cl': 14.222602789311592, 'Ag': 46.079710759001856, 'B': 39.69768645168655},\n",
       " {'Se': 25.93106721748953, 'Kr': 20.38415188283299, 'P': 53.68478089967748},\n",
       " {'Cm': 66.85744897329428, 'Bk': 17.582482913658453, 'Er': 15.560068113047265},\n",
       " {'Lu': 14.314941977058432, 'Cs': 15.9594307011165, 'C': 69.72562732182507},\n",
       " {'C': 23.516336509654455, 'Al': 42.08158312855478, 'Pd': 34.402080361790766},\n",
       " {'Np': 11.960076373574832, 'Ga': 78.10274387657266, 'Gd': 9.937179749852504},\n",
       " {'Co': 45.29179872741022, 'Ni': 37.61616470017619, 'Pr': 17.09203657241359},\n",
       " {'Cs': 19.49695595516966, 'Mn': 53.35504455642526, 'I': 27.147999488405084},\n",
       " {'Sr': 27.08271939873238, 'Li': 64.58161730930442, 'Pr': 8.3356632919632},\n",
       " {'Sm': 34.29404236480567, 'Ni': 48.3104349455564, 'Lu': 17.39552268963792},\n",
       " {'K': 60.16525146524547, 'Co': 32.88489523210671, 'Lu': 6.949853302647824},\n",
       " {'Ag': 58.07384169646586, 'Sb': 7.1591772768807544, 'Ti': 34.76698102665338},\n",
       " {'N': 7.6915352625727555, 'Nd': 73.74506354452159, 'Sb': 18.56340119290566},\n",
       " {'Tl': 36.550411212480924, 'S': 12.398411559548641, 'In': 51.051177227970435},\n",
       " {'Th': 30.09637258142916, 'Bi': 40.8078723981524, 'Co': 29.095755020418437},\n",
       " {'Tm': 43.756208146718976, 'O': 46.75374942337854, 'Nd': 9.490042429902488},\n",
       " {'Na': 15.055272129712494, 'Np': 78.34918305301615, 'Tm': 6.59554481727136},\n",
       " {'Cd': 17.523798173795498, 'Hg': 7.82636615898388, 'Sb': 74.64983566722063},\n",
       " {'Tc': 36.02974593639714, 'Cf': 53.57723269070333, 'Am': 10.393021372899526},\n",
       " {'Pt': 64.21220438023724, 'As': 10.513930919024702, 'Cs': 25.27386470073806},\n",
       " {'As': 45.23098478335962, 'Nd': 45.55457982584622, 'Sm': 9.214435390794165},\n",
       " {'Os': 11.818523044810775, 'Pm': 81.00972573484074, 'Bk': 7.171751220348483},\n",
       " {'Bi': 18.17222878725046, 'Si': 41.58602178607451, 'Pm': 40.24174942667503},\n",
       " {'Ar': 8.636173601899822, 'Si': 7.098405304726441, 'Ni': 84.26542109337373},\n",
       " {'Fe': 8.80144362430559, 'Cf': 59.32858675130697, 'Pa': 31.869969624387437},\n",
       " {'Ru': 13.36052867945039, 'He': 59.418865958192136, 'Ti': 27.220605362357468},\n",
       " {'Ti': 18.988062083822015, 'Xe': 56.217960561001334, 'Th': 24.79397735517665},\n",
       " {'Lu': 10.139602643989281, 'Xe': 66.42667316134408, 'Am': 23.433724194666638},\n",
       " {'W': 64.04546080327097, 'Nd': 17.48336364669747, 'F': 18.47117555003156},\n",
       " {'Sc': 47.46247925281721, 'Np': 19.97825659343551, 'Si': 32.55926415374728},\n",
       " {'Al': 41.6134732942944, 'Pt': 29.551341510129383, 'Ac': 28.835185195576216},\n",
       " {'Tc': 5.0137194162115035, 'Co': 9.40709259786022, 'Ne': 85.57918798592829},\n",
       " {'Rh': 43.63942535879347, 'N': 30.042422303718645, 'Am': 26.318152337487888},\n",
       " {'Pr': 44.92590345118421, 'Ce': 49.999147169540166, 'Ga': 5.074949379275623},\n",
       " {'Ni': 71.4534310458832, 'Cf': 8.088810961555765, 'Tc': 20.457757992561028},\n",
       " {'W': 63.753739386056516, 'Mn': 28.95095412372236, 'Am': 7.295306490221122},\n",
       " {'Pu': 53.06787360033295, 'La': 28.83199092431827, 'He': 18.10013547534878},\n",
       " {'Ce': 59.81283707342632, 'Ne': 27.25767538731786, 'Mo': 12.929487539255817},\n",
       " {'Cr': 46.00921130003001, 'Sb': 48.880379544922725, 'Pt': 5.110409155047265},\n",
       " {'Cd': 9.762141498825333, 'H': 50.260088921834054, 'Al': 39.97776957934062},\n",
       " {'Ag': 28.431825876913347, 'P': 32.639696581535404, 'Br': 38.928477541551246}]"
      ]
     },
     "execution_count": 8,
     "metadata": {},
     "output_type": "execute_result"
    }
   ],
   "source": [
    "cria_populacao_inicial(100, preco.keys())"
   ]
  },
  {
   "cell_type": "code",
   "execution_count": null,
   "metadata": {},
   "outputs": [],
   "source": []
  }
 ],
 "metadata": {
  "kernelspec": {
   "display_name": "ilumpy",
   "language": "python",
   "name": "ilumpy"
  },
  "language_info": {
   "codemirror_mode": {
    "name": "ipython",
    "version": 3
   },
   "file_extension": ".py",
   "mimetype": "text/x-python",
   "name": "python",
   "nbconvert_exporter": "python",
   "pygments_lexer": "ipython3",
   "version": "3.9.7"
  },
  "org": null
 },
 "nbformat": 4,
 "nbformat_minor": 4
}
